0 0.148025 0.479739 0.928581 0.477961 0.925803 0.588628 0.570247 0.589072 0.568164 0.60685 0.0987194 0.60685 0.103581 0.498405 0.150108 0.493961
0 0.200803 0.619294 0.926497 0.61885 0.927192 0.695294 0.151497 0.693072 0.152192 0.712628 0.102192 0.713961 0.101497 0.637961 0.193164 0.639294
0 0.194553 0.721961 0.895942 0.723739 0.903581 0.740628 0.194553 0.742405
2 0.450572 0.085368 0.498489 0.0738124 0.552308 0.0766276 0.588535 0.0907013 0.618165 0.123294 0.622564 0.14359 0.617703 0.165665 0.595479 0.19085 0.564924 0.206258 0.491776 0.215147 0.434368 0.19648 0.409832 0.168332 0.403814 0.136332 0.413303 0.107147
1 0.10614557860083321 0.06989698265868072 0.10247387578798269 0.09104599086069978 0.3092980524644294 0.09278766813797512 0.3153645399295467 0.07337490824959958 0.10614557860083321 0.06989698265868072
1 0.42215400630258487 0.1438624796757108 0.4398113592958953 0.1803724526341867 0.461134206704556 0.19231324718303666 0.4975106252726438 0.20179806150597507 0.5505444895199663 0.19570596633089804 0.5745729941589582 0.18801684484642062 0.5987898840186922 0.16476863058107602 0.6014956830655775 0.13879295973097627 0.5947268133506026 0.11886540729009029 0.5732178068608133 0.09649604054070933 0.5191536519185667 0.08352064335457013 0.47340790849283393 0.08782612508875674 0.4288791678333428 0.11373375601791526 0.42215400630258487 0.1438624796757108
1 0.1292498738039683 0.1423201880156427 0.1380327497641436 0.1767490617795298 0.8211350805756756 0.1767490617795298 0.8256048755859362 0.13884520009252022 0.1292498738039683 0.1423201880156427
1 0.4364250122319648 0.2250391259384932 0.43765861989886456 0.24161881298162613 0.5928208101655488 0.24074772700118158 0.5928208101655488 0.2250391259384932 0.4364250122319648 0.2250391259384932
1 0.38797221615153965 0.2531556871880219 0.39639621636222977 0.2739509334224113 0.6306340472798362 0.2748225160490815 0.6282056561647378 0.25228704650096856 0.38797221615153965 0.2531556871880219
1 0.38436704351886236 0.29775633737865315 0.3808844692970728 0.3155871173942159 0.6472557228458544 0.3164569010792732 0.6472557228458544 0.29775633737865315 0.38436704351886236 0.29775633737865315
1 0.3863304082453316 0.34654345871249465 0.3897561311392786 0.36189069727737694 0.6390653256070126 0.36189069727737694 0.6390653256070126 0.34567383319038997 0.3863304082453316 0.34654345871249465
1 0.42804742065195417 0.37446450200340553 0.426854168974243 0.38821076133063837 0.5968570923569002 0.38821076133063837 0.5968570923569002 0.37533577772833426 0.42804742065195417 0.37446450200340553
1 0.46217490742017464 0.39361789610648534 0.46091181945688403 0.40816866944359276 0.5643336365132149 0.40816866944359276 0.568106134868445 0.394487075408625 0.46217490742017464 0.39361789610648534
1 0.4825063395853253 0.4210263103235219 0.4708783985671105 0.43591007482683686 0.5479021822920049 0.4385045601733596 0.5544045073849505 0.4210263103235219 0.4825063395853253 0.4210263103235219
1 0.2725981575613166 0.4520599307007923 0.2706847774088373 0.46614240862304046 0.7464220085834494 0.4643975843940906 0.7528478698820423 0.4520599307007923 0.2725981575613166 0.4520599307007923
1 0.15589176995658083 0.6215601334899354 0.15589176995658083 0.6344514894500104 0.18160823004341917 0.6344514894500104 0.18160823004341917 0.6224263721454921 0.15589176995658083 0.6215601334899354
1 0.15725750012969913 0.7264373994388784 0.15591532260104368 0.7384633100956314 0.18160823004341917 0.7393287553989535 0.18160823004341917 0.7264373994388784 0.15725750012969913 0.7264373994388784
1 0.7200453195054204 0.7594300438305498 0.7212607284349558 0.7765430015584072 0.9035622173992797 0.774801614201136 0.9023537131562119 0.758559317174307 0.7200453195054204 0.7594300438305498
1 0.7460229190603352 0.7866912022335977 0.7484853151442137 0.8008746036767375 0.8818366720444221 0.8008746036767375 0.8806130209399324 0.7875612796598901 0.7460229190603352 0.7866912022335977
1 0.7634884557415921 0.805975602642987 0.7634884557415921 0.8233580168109753 0.8558481653832052 0.8224887489555248 0.8532753882205232 0.806846263806419 0.7634884557415921 0.805975602642987
1 0.43036812058831436 0.9122241399867713 0.42192347295623756 0.9268936993019219 0.5884504843608431 0.9268936993019219 0.5872528748510951 0.913097237749625 0.43036812058831436 0.9122241399867713
1 0.4605945485670345 0.8913803829039894 0.45426589475758683 0.9059616012809567 0.5612498762244755 0.907695012626243 0.5586847546891248 0.8896365570173745 0.4605945485670345 0.8913803829039894
1 0.15821737900143595 0.8384207583749352 0.15773613901434416 0.8433486558427552 0.8671482895278859 0.8433486558427552 0.8682141703400404 0.837550264224635 0.15821737900143595 0.8384207583749352
1 0.23185387140343347 0.8543559176901977 0.238166159141473 0.8772484812201544 0.7864989528289472 0.8816133193788607 0.7908392611956524 0.8552242445092924 0.23185387140343347 0.8543559176901977
